
datos <- structure(list(time = c(4.83333333333333, 18.1333333333333, 
                                   18.5, 28.2333333333333, 25.7666666666667, 16.8, 16.75, 10.95, 
                                   8.88333333333333, 28.3, 11.4333333333333, 12.7166666666667, 15.0333333333333, 
                                   15.45, 20.2666666666667, 13.9666666666667, 17.2, 18.0333333333333, 
                                   9.71666666666667, 20.7, 15.5333333333333, 14.65, 21.8833333333333, 
                                   8.85, 13.1166666666667), 
                        type_map = c("With names", "Without names", 
                                      "With names", "Without names", "Without names", "With names", 
                                      "Without names", "With names", "With names", "Without names", 
                                      "With names", "Without names", "With names", "Without names", 
                                      "Without names", "With names", "Without names", "With names", 
                                      "With names", "With names", "Without names", "With names", "Without names", 
                                      "Without names", "Without names")), 
                   row.names = c(NA, -25L), class = c("tbl_df", "tbl", "data.frame"))



